
--------------------
-34.9073			0.0567577			4.15254			
-29.9207			0.0246163			-4.86748			
0.240757			0.655469			0.129889			
--------------------

--------------------
-3.98173			-0.00199018			4.85869			
-6.88541			-0.00340007			-2.80848			
-5.33789			0.574656			-1.77227			
--------------------

--------------------
-1.69116			0.00149346			2.26201			
-2.16267			0.00184515			-1.74453			
-2.31256			-0.288778			-2.16599			
--------------------

--------------------
-1.38067			0.000293058			1.25808			
-1.35669			0.0002921			-1.28216			
10.6577			-0.185487			9.89806			
--------------------

--------------------
-0.838222			7.4567e-06			1.7707			
1.34534			-6.18749e-06			1.101			
9.24406			-0.21297			7.8455			
--------------------

--------------------
-1.62422			0.000365222			1.105			
-1.39861			0.000315382			-1.2836			
7.60166			-0.174456			6.83695			
--------------------

--------------------
-0.0892925			3.88534e-05			2.44022			
-0.422747			0.00017956			-0.509616			
4.18765			-0.254865			3.57667			
--------------------

--------------------
-0.0251891			-4.51283e-06			2.49556			
0.356642			8.37228e-05			0.170021			
4.70834			-0.255588			4.033			
--------------------

--------------------
-0.0110723			1.43081e-05			2.50771			
-0.106422			0.000137306			-0.238921			
4.36713			-0.257483			3.73654			
--------------------

--------------------
0.00147677			4.07763e-06			2.51865			
0.0931163			0.000113006			-0.0645357			
4.4956			-0.257487			3.84905			
--------------------

--------------------
-0.00197327			9.26415e-06			2.51562			
-0.0164782			0.000126127			-0.160662			
4.42248			-0.257637			3.78516			
--------------------

--------------------
-0.000572494			8.10152e-06			2.51684			
0.00618065			0.00012337			-0.140857			
4.43704			-0.257637			3.79789			
--------------------

--------------------
-0.00113815			8.61045e-06			2.51635			
-0.00368114			0.000124566			-0.149481			
4.43067			-0.257639			3.79232			
--------------------

--------------------
-0.000947336			8.43903e-06			2.51651			
-0.000483972			0.000124178			-0.146686			
4.43273			-0.257638			3.79412			
--------------------

--------------------
-0.00113701			8.59846e-06			2.51635			
-0.00366236			0.000124565			-0.149465			
4.43068			-0.257639			3.79233			
--------------------
